%1

x=[1 2 3 4 5 6 7 8 9 10]

x =

     1     2     3     4     5     6     7     8     9    10

>> y = [2 5 6 7 8 10 13 15 18 19]

y =

     2     5     6     7     8    10    13    15    18    19

>> plot(x,y)

%2
p = plot(X, Y, ':or', ...
    'LineWidth', 2,...
    'MarkerEdgeColor', 'g',...
    'MarkerFaceColor', 'y',...
    'MarkerSize', 12);