x = 2.34;
2*x^4-6*x^3+14.8*x^2+9.1