x1 = 5.9^2-2.4^2;
2.34 + (0.5*2.7*x1) + 9.8*log(51)