x1 = 5.2^3-6.4^2+3;
x2 = 1.6^8-2;
x3=(13.3/5)^(3/2);
(x1/x2)+x3