x1 = 2.5^3*(16-(216/22));
x2 = 1.7^4+14;
x1/x2 + 2050^(1/4)